xGridMin = 0.0;
xGridMax = 2.0;
nXGrid = 1000;
nRFCycles = 20.000000000000;
species_number = 0;
species_amu = 2.000000000000;
species_Z = 1.000000000000;
runIdent = "r0_iter0";
nP_Vx = 12;
nP_Vy = 12;
nP_Vz = 20;
nThermal = 3;
nPhi = 0;
ky = 0.0;
kz = 0.0;
T_keV = 25.000000047497;
input_fName = "input/input-data.nc";
nStepsPerCyclotronPeriod = 400.000000000000;
